	mass A	
t	ω	
0.067	
0.100	-57.9
0.133	-73.5
0.167	-89.0
0.200	-96.6
0.233	-107.2
0.267	-129.4
0.300	-146.0
0.333	-155.0
0.367	-168.3
0.400	-186.2
0.433	-193.0
0.467	-202.7
0.500	-225.9
0.533	-239.8
0.567	-246.8
0.600	-261.2
0.633	-293.7
0.667	-297.6
0.700	-299.7
0.733	-319.9
0.767	-332.9
0.800	-350.4
0.833	-402.8
0.867	-423.2
0.900	-429.5
0.933	-470.1
0.967	-474.4
1.000	-475.9
1.033	-432.5
1.067	-521.2
1.100	-584.5
1.133	-492.2
1.167	-450.8
1.200	-461.9
1.233	-597.7
1.267	-534.6
1.300	-456.6
1.333	-539.3
1.367	-523.6
1.400	-530.7
1.433	-573.7
1.467	-600.5
1.500	-588.8
1.533	-641.5
1.567	-785.7
1.600	-698.0
1.633	-582.9
1.667	-730.0
1.700	-788.7
1.733	-698.4
1.767	-645.4
1.800	-650.2
1.833	-748.4
1.867	-703.8
1.900	-570.1
1.933	-672.4
1.967	-710.4
2.000	-773.5
2.033	-844.0
2.067	-837.4
2.100	-828.5
2.133	-716.6
2.167	-831.7
2.200	-867.3
2.233	-773.1
2.267	-766.6
2.300	-760.6
2.333	-773.3
2.367	-748.9
2.400	-795.1
2.433	-887.9
2.467	-904.9
2.500	-849.6
2.533	-974.6
2.567	-1087.0
2.600	-951.9
2.633	-838.9
2.667	-874.7
2.700	-799.4
2.733	-731.2
2.767	-853.8
2.800	-923.0
2.833	-974.9
2.867	-1019.9
2.900	-1008.3
2.933	-1038.4
2.967	-1072.3
3.000	-1035.1
3.033	-959.8
3.067	-877.4
3.100	-878.2
3.133	-898.2
3.167	-893.6
3.200	-987.3
3.233	-1124.7
3.267	-1177.3
3.300	-1107.2
3.333	-1028.5
3.367	-1034.9
3.400	-1047.9
3.433	-990.6
3.467	-869.6
3.500	-907.4
3.533	-1064.8
3.567	-1106.7
3.600	-1111.9
3.633	-1167.2
3.667	-1154.5
3.700	-1059.0
3.733	-1020.6
3.767	-1041.7
3.800	-958.3
3.833	-910.5
3.867	-1036.9
3.900	-1118.2
3.933	-1139.1
3.967	-1204.7
4.000	-1205.2
4.033	-1012.6
4.067	-978.6
4.100	-996.1
4.133	-948.7
4.167	-984.0
4.200	-997.9
4.233	-1069.1
4.267	-1146.5
4.300	-1189.7
4.333	-1128.7
4.367	-1081.5
4.400	-1028.4
4.433	-945.3
4.467	-978.0
4.500	-951.5
4.533	-932.0
4.567	-929.4
4.600	-1048.6
4.633	-1217.6
4.667	-1113.5
4.700	-991.4
4.733	-992.6
4.767	-962.0
4.800	-966.9
4.833	-879.4
4.867	-859.8
4.900	-929.4
4.933	-941.6
4.967	-953.7
5.000	-1053.8
5.033	-1148.3
5.067	-1088.7
5.100	-955.6
5.133	-852.9
5.167	-880.9
5.200	-916.2
5.233	-868.2
5.267	-844.3
5.300	-846.5
5.333	-899.6
5.367	-982.8
5.400	-1020.7
5.433	-979.4
5.467	-930.4
5.500	-933.0
5.533	-881.4
5.567	-900.0
5.600	-866.8
5.633	-839.3
5.667	-840.3
5.700	-806.4
5.733	-914.9
5.767	-970.2
5.800	-981.6
5.833	-980.9
5.867	-878.2
5.900	-897.8
5.933	-897.9
5.967	-876.6
6.000	-799.6
6.033	-772.0
6.067	-837.9
6.100	-832.4
6.133	-914.8
6.167	-959.7
6.200	-909.0
6.233	-914.4
6.267	-947.2
6.300	-950.2
6.333	-834.6
6.367	-801.2
6.400	-846.1
6.433	-800.1
6.467	-824.6
6.500	-815.2
6.533	-830.5
6.566	-940.0
6.600	-961.1
6.633	-958.4
6.666	-900.8
6.700	-952.5
6.733	-936.8
6.766	-781.1
6.800	-796.8
6.833	-823.4
6.866	-778.0
6.900	-790.5
6.933	-891.7
6.966	-927.2
7.000	-914.5
7.033	-918.3
7.066	-884.5
7.100	-970.8
7.133	-950.5
7.166	-815.1
7.200	-786.2
7.233	-818.2
7.266	-822.5
7.300	-762.8
7.333	-834.7
7.366	-872.4
7.400	-930.0
7.433	-1010.3
7.466	-954.5
7.500	-891.8
7.533	-936.5
7.566	-851.6
7.600	-762.3
7.633	-843.2
7.666	-843.5
7.700	-792.5
7.733	-770.9
7.766	-862.7
7.800	-879.7
7.833	-939.9
7.866	-1013.9
7.900	-902.3
7.933	-947.2
7.966	-836.3
8.000	-787.2
8.033	-875.4
8.066	-781.1
8.100	-785.5
8.133	-852.3
8.166	-875.0
8.200	-909.7
8.233	-931.4
8.266	-905.4
8.300	-923.6
8.333	-929.1
8.366	-925.6
8.400	-861.9
8.433	-811.1
8.466	-837.6
8.500	-827.7
8.533	-781.5
8.566	-792.7
8.600	-894.5
8.633	-919.5
8.666	-968.1
8.700	-936.8
8.733	-831.6
8.766	-943.0
8.800	-956.5
8.833	-761.6
8.866	-764.5
8.900	-823.7
8.933	-810.5
8.966	-870.2
9.000	-848.6
9.033	-851.6
9.066	-922.1
9.100	-966.2
9.133	-976.2
9.166	-877.3
9.200	-908.9
9.233	-894.4
9.266	-820.4
9.300	-831.0
9.333	-765.7
9.366	-809.7
9.400	-900.3
9.433	-923.5
9.466	-885.0
9.500	-907.5
9.533	-923.6
9.566	-930.5
9.600	-978.8
9.633	-901.0
9.666	-828.5
9.700	-801.1
9.733	-741.3
9.766	-784.9
9.800	-827.4
9.833	-881.0
9.866	-960.8
9.900	-987.8
9.933	-980.3
9.966	-912.4
10.000	-885.2
10.033	-876.4
10.066	-804.9
10.100	-825.4
10.133	-814.5
10.166	-760.2
10.200	-859.3
10.233	-893.3
10.266	-882.9
10.300	-870.6
10.333	-925.9
10.366	-977.4
10.400	-873.9
10.433	-891.2
10.466	-898.3
10.500	-828.1
10.533	-773.2
10.566	-710.3
10.600	-811.8
10.633	-883.4
10.666	-896.2
10.700	-886.5
10.733	-986.0
10.766	-1019.2
10.800	-772.2
10.833	-918.1
10.866	-938.3
10.900	-759.5
10.933	-896.8
10.966	-823.8
11.000	-765.8
11.033	-822.2
11.066	-871.7
11.100	-884.6
11.133	-907.6
11.166	-978.2
11.200	-908.0
11.233	-986.2
11.266	-978.7
11.300	-731.0
11.333	-783.6
11.366	-875.1
11.400	-822.5
11.433	-791.7
11.466	-825.1
11.500	-964.2
11.533	-979.7
11.566	-836.2
11.600	-877.0
11.633	-961.9
11.666	-897.8
11.700	-895.0
11.733	-859.1
11.766	-797.2
11.800	-785.0
11.833	-816.5
11.866	-954.1
11.900	-894.9
11.933	-838.6
11.966	-906.9
12.000	-1002.0
12.033	-766.5
12.066	-941.3
12.100	-1056.9
12.133	-883.1
12.166	-857.9
12.200	-710.6
12.233	-821.4
12.266	-917.4
12.300	-844.7
12.333	-889.3
12.366	-1135.8
12.400	-992.3
12.433	-837.0
12.466	-951.6
12.500	-924.5
12.533	-754.5
12.566	-794.0
12.600	-810.4
12.633	-841.7
12.666	-815.8
12.700	-796.2
12.733	-918.9
12.766	-952.7
12.800	-1054.3
12.833	-954.4
12.866	-872.8
12.900	-953.0
12.933	-877.4
12.966	-789.0
13.000	-823.2
13.033	-819.1
13.066	-802.7
13.100	-916.6
13.133	-916.0
13.166	-927.5
13.200	-1003.3
13.233	-918.5
13.266	-956.2
13.300	-917.8
13.333	-767.6
13.366	-875.9
13.400	-831.6
13.433	-747.7
13.466	-818.1
13.500	-883.2
13.533	-881.1
13.566	-890.9
13.600	-991.4
13.633	-997.9
13.666	-884.6
13.700	-868.8
13.733	-874.1
13.766	-777.3
13.800	-767.2
13.833	-820.8
13.866	-842.5
13.900	-823.3
13.933	-869.1
13.966	-892.0
14.000	-915.8
14.033	-930.0
14.066	-863.0
14.100	-939.6
14.133	-888.9
14.166	-794.9
14.200	-841.3
14.233	-793.9
14.266	-753.8
14.300	-778.2
14.333	-827.5
14.366	-870.8
14.400	-906.2
14.433	-926.3
14.466	-955.9
14.500	-923.0
14.533	-895.5
14.566	-863.1
14.600	-769.9
14.633	-829.3
14.666	-868.0
14.700	-763.0
14.733	-800.2
14.766	-872.6
14.800	-888.2
14.833	-948.8
14.866	-944.9
14.900	-878.3
14.933	-902.0
14.966	-910.2
15.000	-818.9
15.033	-843.3
15.066	-823.4
15.100	-800.9
15.133	-770.0
15.166	-794.5
15.200	-905.5
15.233	-916.1
15.266	-929.9
15.300	-1017.0
15.333	-865.1
15.366	-901.7
15.400	-989.9
15.433	-794.9
15.466	-829.2
15.500	-784.6
15.533	-743.1
15.566	-819.2
15.600	-850.6
15.633	-905.4
15.666	-980.0
15.700	-1013.7
15.733	-846.5
15.766	-864.4
15.800	-965.3
15.833	-869.0
15.866	-886.9
15.900	-812.5
15.933	-780.7
15.966	-805.4
16.000	-902.1
16.033	-959.3
16.066	-934.4
16.100	-1019.6
16.133	-904.9
16.166	-927.0
16.200	-987.0
16.233	-796.9
16.266	-770.4
16.300	-844.3
16.333	-778.5
16.366	-765.5
16.400	-882.8
16.433	-940.9
16.466	-938.6
16.500	-943.4
16.533	-942.5
16.566	-958.4
16.600	-965.6
16.633	-876.3
16.666	-799.8
16.700	-816.9
16.733	-750.5
16.766	-766.0
16.800	-913.3
16.833	-892.2
16.866	-902.7
16.900	-1026.7
16.933	-978.1
16.966	-851.3
17.000	-963.3
17.033	-967.2
17.066	-799.1
17.100	-806.7
17.133	-788.3
17.166	-782.8
17.200	-897.4
17.233	-889.3
17.266	-949.6
17.300	-1015.0
17.333	-925.4
17.366	-900.8
17.400	-979.3
17.433	-936.8
17.466	-788.9
17.500	-895.9
17.533	-876.6
17.566	-696.8
17.600	-878.5
17.633	-965.3
17.666	-847.4
17.700	-963.9
17.733	-1009.8
17.766	-930.9
17.800	-999.8
17.833	-961.7
17.866	-709.9
17.900	-756.7
17.933	-914.3
17.966	-855.0
18.000	-805.5
18.033	-874.4
18.066	-921.4
18.100	-920.2
18.133	-1032.8
18.166	-1000.9
18.200	-885.6
18.233	-952.7
18.266	-867.3
18.300	-770.6
18.333	-833.9
18.366	-823.5
18.400	-848.6
18.433	-903.9
18.466	-926.7
18.500	-977.5
18.533	-1001.8
18.566	-956.0
18.600	-1006.3
18.633	-931.0
18.666	-770.6
18.700	-753.2
18.733	-840.2
18.766	-843.2
18.800	-837.8
18.833	-917.8
18.866	-924.9
18.900	-914.0
18.933	-1030.3
18.966	-1112.1
19.000	-951.3
19.033	-798.3
19.066	-748.5
19.100	-886.0
19.133	-939.6
19.166	-799.0
19.200	-784.1
19.233	-904.6
19.266	-966.9
19.300	-985.9
19.333	-956.6
19.366	-956.0
19.400	-964.6
19.433	-897.5
19.466	-831.3
19.500	-875.2
19.533	-844.2
19.566	-763.8
19.600	-823.3
19.633	-950.5
19.666	-962.2
19.699	-938.3
19.733	-1009.9
19.766	-865.4
19.799	-936.8
19.833	-912.9
19.866	-821.2
19.899	-910.2
19.933	-797.1
19.966	-781.2
19.999	-789.9
20.033	-868.2
20.066	-933.4
20.099	-927.6
20.133	-1065.4
20.166	-894.6
20.199	-798.9
20.233	-1095.3
20.266	-939.7
20.299	-703.4
20.333	-788.4
20.366	-787.5
20.399	-773.0
20.433	-887.9
20.466	-905.4
20.499	-870.3
20.533	-993.0
20.566	-955.3
20.599	-786.4
20.633	-965.2
20.666	-941.0
20.699	-748.1
20.733	-842.7
20.766	-836.3
20.799	-778.5
20.833	-775.4
20.866	-797.6
20.899	-913.7
20.933	-962.7
20.966	-977.3
20.999	-951.9
21.033	-878.0
21.066	-884.6
21.099	-845.5
21.133	-835.8
21.166	-816.3
21.199	-813.3
21.233	-824.2
21.266	-835.8
21.299	-858.6
21.333	-880.8
21.366	-977.0
21.399	-985.2
21.433	-1013.0
21.466	-896.9
21.499	-850.7
21.533	-871.8
21.566	-821.7
21.599	-776.1
21.633	-714.5
21.666	-818.1
21.699	-884.9
21.733	-876.9
21.766	-971.1
21.799	-1078.5
21.833	-949.2
21.866	-923.6
21.899	-860.1
21.933	-803.3
21.966	-845.6
21.999	-823.8
22.033	-816.2
22.066	-806.5
22.099	-836.4
22.133	-902.7
22.166	-954.4
22.199	-994.4
22.233	-1087.5
22.266	-920.1
22.299	-818.9
22.333	-888.8
22.366	-802.2
22.399	-772.3
22.433	-777.5
22.466	-867.4
22.499	-864.9
22.533	-938.1
22.566	-978.9
22.599	-985.7
22.633	-1035.5
22.666	-901.4
22.699	-863.6
22.733	-877.0
22.766	-819.0
22.799	-769.2
22.833	-820.0
22.866	-869.8
22.899	-861.3
22.933	-887.3
22.966	-1020.9
22.999	-1023.9
23.033	-937.9
23.066	-923.2
23.099	-927.5
23.133	-909.8
23.166	-831.2
23.199	-775.3
23.233	-770.5
23.266	-818.4
23.299	-911.9
23.333	-939.6
23.366	-937.4
23.399	-995.6
23.433	-982.4
23.466	-980.1
23.499	-888.4
23.533	-824.7
23.566	-911.0
23.599	-857.9
23.633	-800.5
23.666	-822.9
23.699	-848.9
23.733	-907.0
23.766	-965.3
23.799	-970.4
23.833	-956.1
23.866	-1005.6
23.899	-942.5
23.933	-870.2
23.966	-861.5
23.999	-801.0
24.033	-809.6
24.066	-843.7
24.099	-865.1
24.133	-857.6
24.166	-986.1
24.199	-1063.7
24.233	-993.7
24.266	-952.0
24.299	-931.3
24.333	-929.9
24.366	-843.2
24.399	-795.6
24.433	-801.0
24.466	-815.2
24.499	-869.1
24.533	-904.8
24.566	-969.2
24.599	-1001.9
24.633	-973.0
24.666	-983.2
24.699	-937.0
24.733	-843.4
24.766	-847.9
24.799	-855.9
24.833	-815.1
24.866	-800.6
24.899	-864.7
24.933	-939.7
24.966	-998.7
24.999	-1029.0
25.033	-960.7
25.066	-949.1
25.099	-914.6
25.133	-904.5
25.166	-866.9
25.199	-808.3
25.233	-822.9
25.266	-833.3
25.299	-841.5
25.333	-919.4
25.366	-1027.0
25.399	-982.8
25.433	-978.2
25.466	-958.7
25.499	-864.7
25.533	-852.6
25.566	-936.2
25.599	-859.3
25.633	-732.8
25.666	-750.8
25.699	-910.6
25.733	-1026.9
25.766	-985.4
25.799	-978.7
25.833	-944.5
25.866	-902.7
25.899	-965.9
25.933	-910.2
25.966	-841.9
25.999	-839.2
26.033	-798.2
26.066	-811.4
26.099	-840.4
26.133	-935.6
26.166	-946.1
26.199	-970.8
26.233	-952.5
26.266	-971.6
26.299	-921.0
26.333	-764.3
26.366	-828.8
26.399	-868.2
26.433	-785.2
26.466	-782.8
26.499	-839.0
26.533	-940.9
26.566	-947.9
26.599	-950.9
26.633	-993.5
26.666	-938.2
26.699	-936.4
26.733	-907.4
26.766	-828.7
26.799	-753.2
26.833	-844.6
26.866	-875.8
26.899	-819.3
26.933	-822.7
26.966	-887.4
26.999	-1035.6
27.033	-975.2
27.066	-897.4
27.099	-964.9
27.133	-948.3
27.166	-818.9
27.199	-808.1
27.233	-798.2
27.266	-789.4
27.299	-838.3
27.333	-843.1
27.366	-877.8
27.399	-984.7
27.433	-1092.8
27.466	-964.5
27.499	-822.9
27.533	-900.5
27.566	-853.1
27.599	-858.7
27.633	-884.3
27.666	-795.7
27.699	-834.2
27.733	-836.4
27.766	-969.9
27.799	-1081.9
27.833	-885.4
27.866	-763.0
27.899	-921.9
27.933	-962.5
27.966	-917.1
27.999	-919.6
28.033	-699.6
28.066	-740.6
28.099	-846.3
28.133	-895.1
28.166	-1010.1
28.199	-856.1
28.233	-888.9
28.266	-1022.5
28.299	-936.2
28.333	-891.5
28.366	-836.0
28.399	-834.1
28.433	-879.2
28.466	-752.5
28.499	-729.1
28.533	-826.6
28.566	-921.7
28.599	-921.6
28.633	-874.5
28.666	-892.8
28.699	-1087.4
28.733	-954.8
28.766	-759.7
28.799	-799.4
28.833	-778.4
28.866	-782.1
28.899	-790.1
28.933	-919.1
28.966	-677.4
28.999	-853.4
29.033	-1027.8
29.066	-785.9
29.099	-1000.9
29.133	-1132.0
29.166	-981.1
29.199	-756.8
29.233	-700.4
29.266	-771.5
29.299	-780.3
29.333	-747.4
29.366	-846.9
29.399	-863.6
29.433	-880.3
29.466	-967.6
29.499	-1013.6
29.533	-816.5
29.566	-903.6
29.599	-1065.2
29.633	-840.1
29.666	-809.3
29.699	-725.1
29.733	-761.9
29.766	-880.2
29.799	-848.0
29.833	-817.2
29.866	-866.8
29.899	-1062.0
29.933	-970.3
29.966	-818.6
29.999	-893.1
30.033	-901.8
30.066	-829.1
30.099	-819.6
30.133	-742.8
30.166	-724.6
30.199	-754.1
30.233	-714.2
30.266	-750.0
30.299	-859.1
30.333	-1024.6
30.366	-946.2
30.399	-848.4
30.433	-731.2
30.466	-694.8
30.499	-746.1
30.533	-691.0
30.566	-751.3
30.599	-703.9
30.633	-643.8
30.666	-741.7
30.699	-736.0
30.733	-784.3
30.766	-788.6
30.799	-744.5
30.833	-734.7
30.866	-634.6
30.899	-782.0
30.933	-867.8
30.966	-713.9
30.999	-603.3
31.033	-656.9
31.066	-662.0
31.099	-591.1
31.133	-603.6
31.166	-597.2
31.199	-665.4
31.233	-710.1
31.266	-716.5
31.299	-679.4
31.333	-647.9
31.366	-729.6
31.399	-748.9
31.433	-712.3
31.466	-491.7
31.499	-499.5
31.533	-745.1
31.566	-615.5
31.599	-539.2
31.633	-607.9
31.666	-740.0
31.699	-573.5
31.733	-386.6
31.766	-602.9
31.799	-628.9
31.833	-533.6
31.866	-659.1
31.899	-699.7
31.933	-619.8
31.966	-597.7
31.999	-510.6
32.033	-523.7
32.066	-567.5
32.099	-745.2
32.133	-728.1
32.166	-447.6
32.199	-424.5
32.233	-542.8
32.266	-549.7
32.299	-538.4
32.333	-529.0
32.366	-470.0
32.399	-554.6
32.433	-550.8
32.466	-516.7
32.499	-511.8
32.533	-533.7
32.566	-551.8
32.599	-564.8
32.633	-581.7
32.666	-547.3
32.699	-602.2
32.733	-489.0
32.766	-452.2
32.799	-502.8
32.832	-451.3
32.866	-528.4
32.899	-530.2
32.932	-427.1
32.966	-439.7
32.999	-484.0
33.032	-505.9
33.066	-510.3
33.099	-430.8
33.132	-443.7
33.166	-522.6
33.199	-513.1
33.232	-477.9
33.266	-491.8
33.299	-453.8
33.332	-446.5
33.366	-467.5
33.399	-501.7
33.432	-564.2
33.466	-442.4
33.499	-440.1
33.532	-535.5
33.566	-476.1
33.599	-381.2
33.632	-316.9
33.666	-409.1
33.699	-414.8
33.732	-385.4
33.766	-543.0
33.799	-518.9
33.832	-418.6
33.866	-402.0
33.899	-417.3
33.932	-380.5
33.966	-420.4
33.999	-474.6
34.032	-338.8
34.066	-416.1
34.099	-495.0
34.132	
